  2071     1  -21.60  -14.56   26.91
  2071     2  -22.74  -13.08   18.21
  2071     3  -21.45   -9.44   17.26
  2071     4  -10.97    0.68   38.37
  2071     5   -2.40    8.40   64.85
  2071     6    4.68   15.14   65.64
  2071     7    9.81   18.97   56.99
  2071     8    7.98   16.63   61.81
  2071     9    3.49   10.29   75.32
  2071    10   -0.86    4.78   72.29
  2071    11   -7.30   -2.39   40.92
  2071    12  -13.25   -7.41   33.47
  2072     1  -19.15  -12.11   24.30
  2072     2  -26.99  -18.39   20.07
  2072     3  -21.04   -9.67   19.64
  2072     4  -12.53   -0.59   37.66
  2072     5   -1.99    9.40   48.83
  2072     6    6.06   16.74   75.81
  2072     7    9.91   20.47   64.63
  2072     8    9.03   17.57   72.67
  2072     9    5.09   12.42   51.23
  2072    10    0.38    5.66   39.97
  2072    11   -6.18   -1.89   50.04
  2072    12  -13.63   -8.14   28.49
  2073     1  -19.68  -13.09   27.90
  2073     2  -22.01  -13.59   15.71
  2073     3  -18.74   -7.23   26.21
  2073     4   -9.71    2.00   45.17
  2073     5   -0.75    9.87   68.78
  2073     6    5.83   16.31   52.21
  2073     7   10.12   19.31   90.06
  2073     8    7.54   16.03   55.75
  2073     9    4.36   11.21   86.12
  2073    10    0.50    6.06   52.69
  2073    11   -7.06   -2.57   56.28
  2073    12  -12.79   -6.64   36.49
  2074     1  -19.49  -12.41   32.29
  2074     2  -28.51  -18.80   20.11
  2074     3  -20.46   -9.71   20.73
  2074     4  -13.65   -1.53   25.17
  2074     5   -0.95    9.73   67.00
  2074     6    5.84   15.91   37.73
  2074     7    9.19   19.04   61.76
  2074     8    7.85   16.24   74.27
  2074     9    5.75   12.61   63.61
  2074    10   -0.85    3.83   47.25
  2074    11   -6.36   -2.31   40.88
  2074    12  -15.35  -10.29   24.57
  2075     1  -20.17  -13.53   29.24
  2075     2  -21.54  -12.64   22.01
  2075     3  -19.26   -8.35   31.32
  2075     4  -10.99    0.99   40.83
  2075     5   -0.64    9.86   33.09
  2075     6    5.13   15.71   48.05
  2075     7    9.61   19.00   73.52
  2075     8    8.97   17.64   46.44
  2075     9    3.94   10.75   72.19
  2075    10    1.33    6.48   71.45
  2075    11   -4.55   -0.61   41.32
  2075    12  -12.21   -6.76   45.46
  2076     1  -20.27  -13.74   34.56
  2076     2  -22.70  -14.38   17.58
  2076     3  -18.86   -8.51   30.08
  2076     4  -12.22   -0.03   32.70
  2076     5   -0.36   10.86   32.71
  2076     6    5.98   16.48   60.72
  2076     7   10.35   19.95   70.10
  2076     8    8.16   17.08   47.30
  2076     9    4.19   11.18   69.91
  2076    10   -0.18    4.95   64.62
  2076    11   -6.77   -2.09   35.48
  2076    12  -14.24   -8.49   30.35
  2077     1  -19.86  -13.06   17.84
  2077     2  -25.80  -16.62   20.71
  2077     3  -19.95   -8.07   24.36
  2077     4  -11.68    0.11   36.89
  2077     5   -1.15    9.12   37.34
  2077     6    4.17   14.71   64.71
  2077     7   10.17   20.09   51.18
  2077     8    9.02   17.40   67.67
  2077     9    4.44   12.04   60.28
  2077    10    0.61    5.66   68.68
  2077    11   -5.92   -1.11   36.25
  2077    12  -14.58   -8.69   28.05
  2078     1  -17.22  -10.42   25.94
  2078     2  -22.73  -14.14   27.56
  2078     3  -20.33   -8.52   18.73
  2078     4  -11.53   -0.13   43.37
  2078     5   -0.52   10.40   48.50
  2078     6    4.60   14.16   52.91
  2078     7    9.59   19.75   41.21
  2078     8    9.09   18.02   54.00
  2078     9    3.85   10.93   70.81
  2078    10    0.84    5.77   45.46
  2078    11   -5.64   -1.49   37.28
  2078    12  -12.14   -7.21   30.65
  2079     1  -16.88  -10.82   33.01
  2079     2  -23.81  -14.80   19.19
  2079     3  -18.92   -8.73   28.98
  2079     4  -10.80    0.68   34.32
  2079     5   -0.93   10.63   60.49
  2079     6    5.64   16.27   40.53
  2079     7   10.61   19.41   59.29
  2079     8    8.17   16.71   93.29
  2079     9    4.70   11.79   76.98
  2079    10    0.04    5.27   58.69
  2079    11   -4.23   -0.23   38.72
  2079    12  -13.96   -8.46   33.40
  2080     1  -21.56  -14.29   25.82
  2080     2  -25.61  -16.84   24.25
  2080     3  -18.34   -7.86   20.22
  2080     4   -8.08    3.71   37.10
  2080     5   -0.43   10.35   43.86
  2080     6    4.97   15.43   46.27
  2080     7   11.27   21.42   53.92
  2080     8    9.32   18.48   52.08
  2080     9    4.63   12.57   64.99
  2080    10    1.29    7.09   65.99
  2080    11   -6.87   -1.91   69.82
  2080    12  -15.23   -8.94   29.65
  2081     1  -19.87  -12.67   23.43
  2081     2  -23.84  -15.12   16.35
  2081     3  -18.22   -7.96   22.61
  2081     4  -12.99   -1.15   40.22
  2081     5   -0.49   10.97   30.08
  2081     6    7.21   17.50   63.53
  2081     7    9.98   19.38   71.49
  2081     8    8.82   17.77   70.54
  2081     9    4.93   11.56   55.46
  2081    10    0.63    5.96   60.15
  2081    11   -5.17   -1.01   36.96
  2081    12  -12.64   -7.28   33.60
  2082     1  -19.54  -13.41   28.28
  2082     2  -21.03  -12.57   24.62
  2082     3  -19.37   -8.97   22.53
  2082     4   -9.99    2.42   20.07
  2082     5    0.11   11.10   47.38
  2082     6    6.37   16.79   41.18
  2082     7    9.91   19.20   82.13
  2082     8    8.77   17.54   54.20
  2082     9    4.87   12.14   63.41
  2082    10   -0.10    5.30   61.10
  2082    11   -5.05   -0.64   52.43
  2082    12  -12.25   -6.43   34.73
  2083     1  -17.69  -11.11   23.66
  2083     2  -25.33  -16.73   13.91
  2083     3  -17.24   -6.60   31.49
  2083     4   -9.62    1.82   25.87
  2083     5   -2.03    8.55   34.76
  2083     6    5.23   15.63  100.97
  2083     7   11.17   20.22   63.90
  2083     8    7.99   16.75   73.08
  2083     9    5.77   13.43   60.19
  2083    10    0.11    5.62   80.83
  2083    11   -5.92   -1.27   50.08
  2083    12  -13.48   -7.50   29.83
  2084     1  -20.64  -12.10   39.15
  2084     2  -24.35  -14.91   28.16
  2084     3  -18.84   -8.37   20.62
  2084     4   -8.14    3.44   38.81
  2084     5   -0.19   10.14   49.30
  2084     6    4.67   15.05   50.85
  2084     7    9.63   19.09   82.33
  2084     8    8.30   16.97   61.39
  2084     9    3.70   10.39   50.48
  2084    10   -1.10    4.02   79.44
  2084    11   -7.46   -1.96   45.67
  2084    12  -11.34   -5.30   32.38
  2085     1  -18.53  -11.87   26.47
  2085     2  -23.31  -14.41   24.22
  2085     3  -17.03   -5.97   20.73
  2085     4   -9.87    1.97   40.37
  2085     5   -0.22   10.46   47.90
  2085     6    6.20   16.34   66.86
  2085     7   10.58   19.89   87.75
  2085     8    8.64   17.30   53.27
  2085     9    4.73   11.73   74.35
  2085    10    1.02    6.00   69.64
  2085    11   -5.26   -0.61   44.41
  2085    12  -14.42   -9.26   26.57
  2086     1  -19.53  -12.53   32.46
  2086     2  -23.94  -15.41   16.49
  2086     3  -19.61   -8.59   30.17
  2086     4  -10.45    2.05   34.80
  2086     5   -0.35   10.20   61.64
  2086     6    5.89   16.19   68.76
  2086     7   10.48   20.43   50.54
  2086     8    8.90   17.19   76.50
  2086     9    5.63   13.09   63.64
  2086    10    0.94    5.78   61.19
  2086    11   -4.08    0.28   60.05
  2086    12  -11.25   -5.55   29.57
  2087     1  -18.55  -11.95   34.36
  2087     2  -21.90  -12.94   18.67
  2087     3  -15.88   -5.88   42.97
  2087     4  -11.47    0.35   25.73
  2087     5   -0.58   10.58   43.33
  2087     6    6.86   16.57   45.64
  2087     7   11.84   21.51   59.60
  2087     8    8.75   17.67   54.69
  2087     9    5.38   12.69   70.92
  2087    10    0.13    4.93   60.76
  2087    11   -5.38   -1.05   48.66
  2087    12  -13.39   -7.42   32.25
  2088     1  -17.63  -11.05   25.38
  2088     2  -23.05  -14.40   29.93
  2088     3  -18.14   -7.05   22.60
  2088     4  -12.16   -0.32   28.39
  2088     5   -1.74    9.36   45.61
  2088     6    5.01   15.05   50.89
  2088     7   10.81   19.78   68.45
  2088     8    9.95   18.51   67.49
  2088     9    5.64   12.50   74.97
  2088    10    0.07    5.88   50.79
  2088    11   -3.75    0.57   62.76
  2088    12  -13.29   -7.18   41.63
  2089     1  -18.98  -11.78   30.26
  2089     2  -23.00  -14.65   20.00
  2089     3  -18.40   -7.79   34.93
  2089     4   -9.07    2.54   26.98
  2089     5   -0.74   10.13   79.86
  2089     6    7.32   17.91   54.40
  2089     7   11.46   20.77   75.56
  2089     8    9.55   17.92   72.45
  2089     9    6.78   14.42   54.54
  2089    10    0.08    5.38   72.57
  2089    11   -5.37   -1.38   46.78
  2089    12  -11.42   -5.92   36.54
  2090     1  -18.36  -11.33   29.55
  2090     2  -21.33  -12.72   26.39
  2090     3  -16.33   -5.10   19.83
  2090     4   -7.77    3.99   30.33
  2090     5   -0.33   10.65   60.92
  2090     6    6.84   16.00   63.81
  2090     7   10.49   20.05   63.33
  2090     8   10.45   18.77   56.58
  2090     9    5.64   12.98   75.95
  2090    10    0.27    5.44   73.02
  2090    11   -6.87   -1.96   38.54
  2090    12  -11.63   -6.02   37.52
  2091     1  -17.53  -10.86   29.28
  2091     2  -19.87  -11.68   20.27
  2091     3  -19.73   -9.03   29.83
  2091     4   -9.15    2.43   41.39
  2091     5   -0.16   10.64   67.43
  2091     6    6.51   16.33   65.78
  2091     7   11.70   20.85   54.99
  2091     8    9.94   18.22   72.14
  2091     9    4.90   12.20   59.31
  2091    10    0.18    5.69   76.51
  2091    11   -4.43   -0.37   47.92
  2091    12  -12.43   -7.07   34.45
  2092     1  -19.35  -12.79   22.73
  2092     2  -18.98  -11.01   39.28
  2092     3  -18.67   -8.19   30.11
  2092     4  -11.22    0.64   40.66
  2092     5   -0.71    9.78   58.01
  2092     6    6.49   16.59   65.53
  2092     7   10.19   20.26   64.38
  2092     8    8.64   16.81   70.25
  2092     9    5.54   12.32   49.04
  2092    10    0.87    6.11   65.75
  2092    11   -4.23   -0.68   40.34
  2092    12  -12.25   -5.98   45.08
  2093     1  -18.61  -11.84   29.89
  2093     2  -20.31  -12.32   19.53
  2093     3  -19.48   -8.44   28.02
  2093     4   -9.93    1.81   29.03
  2093     5   -0.60   10.02   57.55
  2093     6    7.05   17.88   55.78
  2093     7   10.34   20.47   66.55
  2093     8    9.48   17.93   75.84
  2093     9    5.56   12.25   55.87
  2093    10    1.50    6.97   57.70
  2093    11   -3.47    0.39   45.89
  2093    12  -10.09   -5.00   45.04
  2094     1  -17.27  -10.44   35.60
  2094     2  -19.66  -11.56   20.56
  2094     3  -18.11   -7.01   22.98
  2094     4   -9.90    1.27   57.35
  2094     5   -0.25   10.21   66.27
  2094     6    7.64   18.11   59.45
  2094     7   10.56   19.57   89.15
  2094     8   10.57   18.76   67.06
  2094     9    5.52   12.22   64.11
  2094    10    0.38    5.13   76.58
  2094    11   -4.51   -0.51   42.06
  2094    12  -11.84   -6.43   42.63
  2095     1  -16.48   -9.59   28.45
  2095     2  -19.19  -11.57   22.14
  2095     3  -16.20   -5.83   36.44
  2095     4   -9.07    2.24   42.62
  2095     5   -1.02   10.03   47.02
  2095     6    6.00   16.25   47.46
  2095     7   12.53   22.81   37.79
  2095     8   10.82   19.57   63.96
  2095     9    6.19   13.15   65.13
  2095    10    0.45    5.97   54.87
  2095    11   -4.74   -0.62   58.76
  2095    12  -10.63   -5.09   38.18
  2096     1  -17.00  -10.09   35.59
  2096     2  -22.70  -15.20   21.32
  2096     3  -17.08   -6.66   22.91
  2096     4   -7.52    3.98   34.24
  2096     5    0.00   10.13   41.93
  2096     6    5.89   16.00   68.85
  2096     7   10.72   20.30   70.02
  2096     8   10.50   19.07   58.63
  2096     9    6.38   13.70   58.92
  2096    10    1.24    6.70   69.64
  2096    11   -6.08   -1.92   30.62
  2096    12  -11.11   -5.66   34.52
  2097     1  -20.14  -13.39   29.96
  2097     2  -23.63  -14.95   18.69
  2097     3  -19.26   -7.59   21.83
  2097     4   -8.49    2.78   26.45
  2097     5   -1.74    9.29   55.05
  2097     6    6.34   16.63   60.63
  2097     7   11.27   20.75   59.93
  2097     8    9.74   18.29   79.33
  2097     9    5.45   12.52   64.29
  2097    10    0.14    5.68   60.79
  2097    11   -6.31   -1.72   49.47
  2097    12  -13.55   -7.55   36.13
  2098     1  -15.06   -8.02   34.26
  2098     2  -24.58  -15.87   18.16
  2098     3  -20.57   -9.49   24.51
  2098     4   -9.57    2.23   21.96
  2098     5   -0.25   10.28   86.08
  2098     6    7.15   17.43   54.17
  2098     7   10.17   20.70   61.70
  2098     8    9.97   19.00   62.28
  2098     9    4.88   12.47   63.36
  2098    10    1.57    6.65   65.01
  2098    11   -2.76    0.70   46.57
  2098    12   -9.26   -3.85   39.14
  2099     1  -16.15  -10.47   25.70
  2099     2  -18.15   -9.89   24.51
  2099     3  -16.34   -6.56   29.11
  2099     4   -7.94    3.80   30.61
  2099     5    1.24   11.89   42.84
  2099     6    6.04   16.57   59.68
  2099     7   11.74   21.44   74.63
  2099     8    9.53   18.67   77.69
  2099     9    6.24   13.62   62.90
  2099    10    1.85    7.10   71.61
  2099    11   -4.62   -0.62   40.77
  2099    12   -9.73   -4.28   41.99
  2100     1  -14.53   -8.86   35.04
  2100     2  -19.47  -11.28   26.73
  2100     3  -14.97   -3.95   28.64
  2100     4   -7.56    4.77   28.87
  2100     5   -0.20    9.88   54.87
  2100     6    5.87   16.71   53.19
  2100     7   12.17   21.93   74.10
  2100     8   10.57   20.06   53.80
  2100     9    5.71   12.79   73.25
  2100    10    1.18    6.29   73.82
  2100    11   -3.21    0.87   56.49
  2100    12  -11.98   -6.04   50.10
