  1961     1  -31.05  -24.17   20.35
  1961     2  -31.07  -22.02   13.65
  1961     3  -24.81  -13.11   17.76
  1961     4  -15.87   -2.50   20.94
  1961     5   -4.09    8.00   32.22
  1961     6    1.48   12.86   36.38
  1961     7    5.35   16.37   57.79
  1961     8    4.00   13.53   65.49
  1961     9    0.03    7.25   55.01
  1961    10   -5.29    0.53   63.83
  1961    11  -12.52   -6.36   27.27
  1961    12  -22.74  -16.53   23.84
  1962     1  -29.12  -21.31   21.76
  1962     2  -33.89  -24.03   18.47
  1962     3  -24.15  -11.46   20.04
  1962     4  -17.24   -4.54   28.42
  1962     5   -6.60    5.44   44.95
  1962     6    1.46   12.11   43.17
  1962     7    6.10   15.69   59.21
  1962     8    4.25   12.63   66.47
  1962     9   -0.75    6.51   63.78
  1962    10   -3.18    2.33   54.70
  1962    11  -11.16   -5.58   28.80
  1962    12  -26.47  -20.38   23.37
  1963     1  -33.10  -25.37   14.03
  1963     2  -35.91  -26.06   15.51
  1963     3  -25.02  -12.56   31.35
  1963     4  -16.69   -3.28   28.35
  1963     5   -5.16    7.27   40.34
  1963     6    0.90   11.58   50.95
  1963     7    5.70   15.89   56.27
  1963     8    4.32   13.17   56.23
  1963     9    0.43    8.10   62.32
  1963    10   -6.16    0.92   57.20
  1963    11  -12.13   -6.04   32.45
  1963    12  -25.02  -18.12   26.77
  1964     1  -29.98  -22.64   20.32
  1964     2  -30.21  -21.07   16.64
  1964     3  -26.08  -13.60   14.29
  1964     4  -14.36   -1.24   26.44
  1964     5   -5.99    6.03   55.28
  1964     6    1.13   11.82   61.42
  1964     7    5.50   15.66   62.24
  1964     8    3.84   12.82   57.16
  1964     9    0.81    8.07   53.07
  1964    10   -5.48    0.26   45.65
  1964    11  -13.92   -6.84   40.86
  1964    12  -24.32  -16.94   26.60
  1965     1  -29.87  -22.18   19.83
  1965     2  -29.93  -20.46   13.75
  1965     3  -26.07  -14.66   20.10
  1965     4  -16.23   -1.81   19.08
  1965     5   -4.61    6.87   27.91
  1965     6    1.93   12.46   45.19
  1965     7    5.58   15.31   50.95
  1965     8    4.79   13.88   56.53
  1965     9    0.29    7.91   67.61
  1965    10   -3.17    2.82   40.43
  1965    11   -9.96   -4.67   31.93
  1965    12  -21.96  -15.54   22.40
  1966     1  -32.77  -24.51   21.51
  1966     2  -32.28  -22.74   16.04
  1966     3  -28.54  -15.80   15.46
  1966     4  -16.16   -3.28   24.05
  1966     5   -2.67    8.70   41.89
  1966     6    1.21   12.03   55.38
  1966     7    6.01   16.30   81.48
  1966     8    4.52   13.44   66.12
  1966     9   -0.25    7.47   56.20
  1966    10   -4.04    1.93   46.08
  1966    11  -15.19   -8.27   29.83
  1966    12  -23.62  -16.79   28.47
  1967     1  -34.32  -25.45   21.30
  1967     2  -35.62  -25.66   19.18
  1967     3  -28.72  -17.15   17.74
  1967     4  -17.44   -3.53   18.41
  1967     5   -4.05    7.73   40.04
  1967     6    0.89   11.52   38.75
  1967     7    6.66   16.76   65.23
  1967     8    5.55   14.65   71.06
  1967     9    0.71    8.10   53.36
  1967    10   -4.21    1.83   52.92
  1967    11  -11.19   -5.09   30.97
  1967    12  -20.16  -13.50   25.38
  1968     1  -32.08  -24.88   16.30
  1968     2  -31.01  -20.74   19.72
  1968     3  -25.79  -13.80   16.59
  1968     4  -16.70   -3.92   24.73
  1968     5   -4.97    6.93   41.57
  1968     6    1.32   11.31   42.53
  1968     7    6.08   15.85   65.87
  1968     8    4.85   13.81   42.02
  1968     9    0.37    7.16   53.90
  1968    10   -2.85    2.36   41.87
  1968    11  -10.92   -4.95   38.16
  1968    12  -23.54  -16.63   23.88
  1969     1  -35.97  -27.96   17.47
  1969     2  -35.28  -26.01   14.58
  1969     3  -24.47  -12.65   19.99
  1969     4  -15.67   -1.88   17.66
  1969     5   -4.21    8.10   34.26
  1969     6    1.74   12.78   36.99
  1969     7    6.91   17.02   52.13
  1969     8    4.65   14.06   53.68
  1969     9    0.79    8.31   54.68
  1969    10   -4.31    1.70   42.49
  1969    11  -11.07   -4.72   42.39
  1969    12  -20.56  -14.40   20.14
  1970     1  -31.65  -24.00   17.39
  1970     2  -30.36  -19.95   20.16
  1970     3  -26.43  -15.00   22.73
  1970     4  -15.80   -2.76   19.45
  1970     5   -4.38    7.63   55.40
  1970     6    0.62   11.39   48.79
  1970     7    5.59   15.85   53.22
  1970     8    4.46   13.85   51.73
  1970     9    1.37    8.83   54.14
  1970    10   -3.06    2.46   47.60
  1970    11  -12.46   -6.60   40.97
  1970    12  -24.28  -17.54   21.64
  1971     1  -30.86  -22.60   15.41
  1971     2  -31.20  -21.22   19.11
  1971     3  -23.61  -11.81   14.91
  1971     4  -14.34   -1.59   30.47
  1971     5   -3.88    8.52   27.34
  1971     6    1.24   12.33   46.53
  1971     7    6.08   15.62   54.12
  1971     8    3.76   12.60   57.37
  1971     9    1.08    9.07   51.89
  1971    10   -3.59    1.73   57.82
  1971    11  -12.24   -6.43   35.14
  1971    12  -21.86  -15.89   28.22
  1972     1  -32.38  -24.01   17.60
  1972     2  -31.67  -22.23   13.49
  1972     3  -24.66  -11.82   20.17
  1972     4  -15.82   -3.47   24.26
  1972     5   -6.29    5.34   45.59
  1972     6    1.07   12.04   34.13
  1972     7    6.57   17.31   60.20
  1972     8    4.12   13.38   48.17
  1972     9    0.57    8.34   47.02
  1972    10   -5.63    0.60   65.83
  1972    11  -11.11   -4.61   41.83
  1972    12  -24.64  -18.05   20.20
  1973     1  -36.32  -28.28   18.30
  1973     2  -35.66  -26.36   23.50
  1973     3  -27.49  -14.82   21.73
  1973     4  -13.85   -1.27   26.12
  1973     5   -3.24    7.65   36.17
  1973     6    2.09   13.36   32.94
  1973     7    8.15   18.31   55.93
  1973     8    4.14   13.50   51.70
  1973     9    0.90    8.11   67.49
  1973    10   -3.71    1.56   38.14
  1973    11  -13.64   -7.98   39.71
  1973    12  -21.99  -15.21   26.56
  1974     1  -29.87  -21.96   21.42
  1974     2  -32.46  -22.50   13.62
  1974     3  -26.99  -15.30   25.89
  1974     4  -19.33   -5.19   22.14
  1974     5   -5.35    6.82   42.58
  1974     6    1.30   12.07   52.84
  1974     7    5.96   16.87   77.53
  1974     8    5.06   14.83   59.26
  1974     9    0.82    8.12   48.93
  1974    10   -4.18    1.19   62.24
  1974    11  -10.94   -5.83   40.02
  1974    12  -21.56  -14.91   29.27
  1975     1  -32.87  -25.13   26.98
  1975     2  -33.08  -22.65   16.22
  1975     3  -27.00  -14.64   14.52
  1975     4  -15.70   -2.33   19.95
  1975     5   -3.11    9.17   44.39
  1975     6    2.66   13.44   72.52
  1975     7    6.55   16.41   78.56
  1975     8    6.08   14.60   49.95
  1975     9    0.80    7.39   56.38
  1975    10   -4.61    1.26   45.25
  1975    11  -10.34   -4.37   39.83
  1975    12  -22.64  -15.49   29.65
  1976     1  -29.57  -21.46   19.29
  1976     2  -31.30  -21.71   20.18
  1976     3  -27.73  -14.24   13.97
  1976     4  -16.44   -2.48   24.42
  1976     5   -4.37    7.55   31.54
  1976     6    1.64   13.49   47.83
  1976     7    7.29   17.63   57.85
  1976     8    4.13   12.89   67.77
  1976     9   -0.86    6.42   51.34
  1976    10   -4.72    1.30   41.91
  1976    11  -11.84   -5.91   36.88
  1976    12  -27.16  -20.45   22.75
  1977     1  -30.80  -22.17   17.96
  1977     2  -34.84  -23.95   19.01
  1977     3  -25.09  -13.16   18.26
  1977     4  -16.55   -3.94   23.25
  1977     5   -4.72    7.42   31.80
  1977     6    1.24   12.54   38.38
  1977     7    5.58   15.03   70.22
  1977     8    6.24   14.84   65.38
  1977     9   -0.01    7.33   53.39
  1977    10   -3.31    2.70   45.43
  1977    11   -9.11   -3.78   38.28
  1977    12  -19.94  -14.06   23.72
  1978     1  -32.57  -25.09   20.15
  1978     2  -28.51  -19.62   15.88
  1978     3  -24.18  -12.74   28.75
  1978     4  -18.13   -4.63   13.65
  1978     5   -3.20    8.40   25.93
  1978     6    1.34   12.66   41.82
  1978     7    6.56   16.90   56.24
  1978     8    5.10   14.14   59.09
  1978     9    1.88    8.89   63.93
  1978    10   -3.03    2.27   44.67
  1978    11   -9.14   -3.43   33.02
  1978    12  -19.15  -12.34   30.27
  1979     1  -29.74  -21.94   27.93
  1979     2  -32.09  -22.24   15.80
  1979     3  -25.74  -14.37   23.04
  1979     4  -14.96   -1.72   21.49
  1979     5   -2.54    9.08   37.33
  1979     6    2.05   13.17   56.11
  1979     7    5.85   15.68   63.23
  1979     8    5.26   14.75   54.95
  1979     9    0.50    7.59   67.56
  1979    10   -2.83    2.71   44.21
  1979    11   -9.35   -4.28   42.78
  1979    12  -19.25  -13.57   23.54
  1980     1  -31.05  -23.17   17.64
  1980     2  -32.18  -24.49   16.45
  1980     3  -25.91  -14.24   20.61
  1980     4  -17.53   -3.92   27.93
  1980     5   -4.31    7.88   38.37
  1980     6    1.56   12.33   65.17
  1980     7    6.02   16.04   59.05
  1980     8    5.37   14.59   61.82
  1980     9    1.94    9.44   32.97
  1980    10   -4.26    1.66   54.76
  1980    11   -9.09   -4.26   27.51
  1980    12  -21.42  -15.19   18.35
  1981     1  -30.86  -23.03   18.95
  1981     2  -30.18  -20.19   16.10
  1981     3  -22.64  -10.79   17.61
  1981     4  -14.79   -1.37   23.93
  1981     5   -1.77    9.44   37.31
  1981     6    2.35   13.34   60.15
  1981     7    6.49   16.53   55.90
  1981     8    3.13   12.41   67.03
  1981     9    2.00   10.08   34.83
  1981    10   -2.72    2.71   47.43
  1981    11   -9.42   -4.07   31.41
  1981    12  -17.31  -11.09   33.43
  1982     1  -30.45  -23.47   18.85
  1982     2  -32.41  -23.00   14.53
  1982     3  -23.65  -11.52   17.06
  1982     4  -11.62   -0.06   31.29
  1982     5   -4.76    6.61   48.21
  1982     6    1.74   12.60   46.06
  1982     7    5.48   15.06   56.19
  1982     8    4.50   13.50   77.43
  1982     9    0.43    8.78   50.09
  1982    10   -4.93    0.85   35.93
  1982    11  -10.12   -4.37   43.74
  1982    12  -23.43  -17.23   25.26
  1983     1  -31.07  -23.34   18.02
  1983     2  -30.85  -20.33   17.25
  1983     3  -25.50  -13.20   22.78
  1983     4  -14.69   -2.77   29.26
  1983     5   -4.62    7.07   49.10
  1983     6    1.69   11.95   61.00
  1983     7    6.74   16.50   67.80
  1983     8    6.20   14.83   74.53
  1983     9   -0.03    7.27   63.09
  1983    10   -2.57    3.18   46.74
  1983    11   -9.44   -4.31   38.96
  1983    12  -20.53  -14.15   30.53
  1984     1  -31.22  -23.11   22.22
  1984     2  -35.91  -26.07   12.24
  1984     3  -27.68  -14.23   13.42
  1984     4  -16.40   -3.63   25.94
  1984     5   -5.21    7.12   33.49
  1984     6    0.97   12.06   50.96
  1984     7    5.77   16.17   56.39
  1984     8    4.71   14.63   51.67
  1984     9   -0.58    6.70   53.27
  1984    10   -3.70    2.17   34.91
  1984    11  -10.38   -4.72   42.70
  1984    12  -20.20  -13.97   30.99
  1985     1  -31.16  -22.56   15.89
  1985     2  -29.48  -19.81   16.67
  1985     3  -21.44   -9.32   14.93
  1985     4  -14.53   -1.67   29.35
  1985     5   -3.47    8.82   26.54
  1985     6    2.78   13.57   39.35
  1985     7    6.23   15.97   84.86
  1985     8    4.97   13.85   70.25
  1985     9    0.70    7.54   52.18
  1985    10   -3.20    1.69   36.81
  1985    11  -10.17   -4.60   43.82
  1985    12  -20.73  -14.26   31.55
  1986     1  -30.43  -22.43   22.39
  1986     2  -31.30  -22.25   15.19
  1986     3  -26.97  -15.46   18.06
  1986     4  -12.92    0.01   25.38
  1986     5   -4.61    7.05   38.06
  1986     6    1.28   11.47   51.04
  1986     7    5.77   15.75   68.09
  1986     8    6.55   15.39   62.35
  1986     9    1.11    8.36   50.53
  1986    10   -3.34    2.34   79.92
  1986    11  -10.53   -4.23   43.55
  1986    12  -20.35  -13.31   26.81
  1987     1  -27.70  -19.01   20.26
  1987     2  -30.80  -21.74   18.79
  1987     3  -27.14  -15.14   13.64
  1987     4  -13.33   -0.63   20.87
  1987     5   -4.01    8.03   18.95
  1987     6    2.81   13.19   45.40
  1987     7    6.12   16.54   42.58
  1987     8    5.86   17.43   39.36
  1987     9    1.16    8.31   57.83
  1987    10   -5.48    0.34   70.16
  1987    11   -9.91   -4.53   31.22
  1987    12  -16.11  -10.41   30.28
  1988     1  -32.76  -25.68   15.35
  1988     2  -31.18  -21.27   14.02
  1988     3  -24.96  -12.84   21.42
  1988     4  -13.43   -1.17   27.12
  1988     5   -2.84    8.31   51.03
  1988     6    2.30   12.66   49.77
  1988     7    6.51   17.12   39.43
  1988     8    6.33   16.92   52.09
  1988     9   -0.26    6.97   48.61
  1988    10   -3.18    2.34   45.26
  1988    11  -10.34   -4.97   44.47
  1988    12  -20.29  -14.32   20.32
  1989     1  -28.39  -21.15   18.01
  1989     2  -28.18  -18.25   15.97
  1989     3  -26.16  -14.06   19.53
  1989     4  -16.98   -4.35   34.17
  1989     5   -5.46    6.68   41.97
  1989     6    1.59   12.51   42.58
  1989     7    6.49   16.85   60.45
  1989     8    6.00   15.39   56.13
  1989     9    1.75    9.54   46.60
  1989    10   -4.45    1.65   51.84
  1989    11  -11.72   -5.82   35.43
  1989    12  -22.70  -16.47   19.01
  1990     1  -31.17  -23.84   15.80
  1990     2  -34.36  -24.18   11.47
  1990     3  -23.41  -11.39   20.48
  1990     4  -13.66   -0.24   24.53
  1990     5   -2.60    8.61   31.66
  1990     6    1.84   12.91   73.58
  1990     7    7.84   19.26   58.07
  1990     8    5.67   15.24   64.21
  1990     9   -0.26    7.09   46.10
  1990    10   -3.75    1.65   40.05
  1990    11  -10.51   -4.62   34.35
  1990    12  -21.80  -15.37   26.22
